[app/ui]
version = 6.2.0
modtime = 1445568915.408336000

[app/launcher]
version = 6.2.0
modtime = 1445568915.410766000

[indexes/septa_analytics]
owner = admin
version = 6.2.0
modtime = 1445569902.860194000
